1645
3325
71
65
406
305
8409
151
31
2676
135
439
32
442
61
97
3294
2688
2
87
150
160
3570
8385
142
268
2535
3360
4096
4150
2604
40
3453
18
6292
3357
295
80
164
514
3477
122
335
3526
3461
3443
1245
8422
114
3419
3536
3299
9142
1604
72
294
594
9141
3341
9164
8592
309
3562
3410
63
366
813
69
3412
316
42
9158
123
10
107
51
1028
161
3798
689
76
233
296
3479
3396
140
6805
3539
8616
770
737
2246
3462
4095
125
5817
3293
3508
22
3301
1373
8097
3282
159
9152
2913
3456
100
754
1467
141
6427
9
3342
106
3741
124
2556
1249
3367
3473
5181
3328
8384
120
3336
57
322
43
66
3297
3233
2522
3330
3232
3292
3358
3725
3873
3043
7
3451
2669
3394
9224
119
209
3859
17
4338
6
3366
3287
28
162
47
8383
99
86
5335
277
37
129
103
8453
3617
3476
104
33
130
484
297
112
3284
39
8463
3303
59
3552
93
8322
2816
3445
376
27
14
2536
3693
9136
719
4567
55
108
4395
2835
30
3290
70
491
3371
3362
306
134
213
272
3291
619
195
128
3743
4104
9134
855
3285
152
424
258
3409
5530
6437
2079
60
136
44
4091
92
8302
189
48
118
3323
3447
13
3
95
4
133
3344
3411
3326
3449
9151
56
4355
2631
3709
78
8541
111
563
3446
3783
3450
349
736
155
139
4033
357
240
9172
9135
58
3455
143
64
16
3478
52
19
109
8389
91
3320
3286
3311
3393
102
3520
367
3452
2871
163
4786
53
364
3395
21
2597
3650
9147
3413
3578
533
8404
8388
253
4787
62
4037
9137
5063
224
29
3304
3376
4410
248
3296
470
25
3329
73
3300
3307
217
127
4828
138
3799
3298
3335
245
153
110
3459
9174
8614
263
3663
338
38
3718
9474
3281
3302
20
75
3448
3647
758
178
979
154
8425
3322
8625
3793
586
3466
3512
324
9143
960
77
3577
404
219
3752
8868
3579
3933
26
281
3372
15
46
168
4072
24
147
4827
3306
49
3442
3289
3639
208
67
36
3538
199
212
8405
444
3283
3331
3629
620
284
3373
3441
243
3839
8606
3510
3310
231
9182
848
187
2663
1307
8387
132
9495
156
41
68
5
8895
599
11
23
3364
98
3428
9145
238
3321
555
50
1
8412
105
3497
371
12
3340
2985
101
7710
3406
4129
3589
3481
502
3475
6148
269
131
3563
85
526
3295
204
94
35
8
3363
